$$KARB2B,269,16:38:10,42.11277,-85.98400,00232,0,0,12,33.2,5.9,0.174,26.6,990,30.8*1673
$$KARB2B,270,16:38:23,42.11279,-85.98400,00234,0,0,12,33.4,5.9,0.174,26.4,990,31.9*4740
$$KARB2B,271,16:38:35,42.11277,-85.98400,00235,0,0,12,33.5,5.9,0.172,25.9,990,32.5*8984
$$KARB2B,272,16:38:48,42.11277,-85.98399,00235,1,0,12,33.6,5.9,0.169,22.3,990,36.8*1E9F
$$KARB2B,273,16:39:01,42.11277,-85.98396,00234,0,0,12,33.7,5.8,0.245,21.0,990,36.9*3FE0
$$KARB2B,274,16:39:13,42.11277,-85.98399,00232,0,0,12,33.9,5.9,0.172,20.4,990,42.7*1D17
$$KARB2B,275,16:39:26,42.11276,-85.98396,00233,0,0,12,34.0,5.8,0.244,20.2,990,45.4*0161
$$KARB2B,276,16:39:38,42.11276,-85.98400,00232,0,0,12,34.1,5.9,0.172,20.2,990,44.5*0BE0
$$KARB2B,277,16:39:51,42.11255,-85.98408,00251,7,190,12,34.1,5.9,0.172,20.7,990,40.9*5A00
$$KARB2B,278,16:40:04,42.11206,-85.98440,00288,9,223,12,34.1,5.9,0.187,19.7,986,39.1*82DC
$$KARB2B,279,16:40:16,42.11176,-85.98463,00321,13,223,12,34.2,5.9,0.176,18.7,980,39.4*8B9C
$$KARB2B,280,16:40:29,42.11147,-85.98501,00343,13,233,12,34.2,5.8,0.243,18.8,977,39.2*A10C
$$KARB2B,281,16:40:42,42.11118,-85.98541,00366,16,223,12,34.3,5.9,0.198,17.9,976,40.3*9DE0
$$KARB2B,282,16:40:55,42.11075,-85.98587,00391,16,222,12,34.4,5.9,0.181,17.2,973,41.7*73D4
$$KARB2B,283,16:41:07,42.11041,-85.98631,00416,16,226,12,34.4,5.9,0.173,16.7,971,42.8*ABF5
$$KARB2B,284,16:41:20,42.11002,-85.98680,00455,11,230,12,34.4,5.8,0.244,16.7,968,42.9*DBB8
$$KARB2B,285,16:41:33,42.10958,-85.98721,00493,16,215,12,34.5,5.9,0.186,15.8,960,44.4*806E
$$KARB2B,286,16:41:46,42.10908,-85.98761,00524,18,213,12,34.4,5.9,0.172,15.7,957,44.8*EF66
$$KARB2B,287,16:41:58,42.10871,-85.98811,00546,13,238,12,34.5,5.8,0.173,15.5,954,45.3*F89C
$$KARB2B,288,16:42:11,42.10838,-85.98862,00585,16,223,12,34.5,5.9,0.171,14.6,951,47.0*EEE1
$$KARB2B,289,16:42:24,42.10780,-85.98898,00627,20,196,12,34.6,5.9,0.173,14.1,947,48.2*93E9
$$KARB2B,290,16:42:37,42.10724,-85.98923,00671,20,196,12,34.6,5.9,0.176,14.6,943,47.8*E8CD
$$KARB2B,291,16:42:49,42.10691,-85.98947,00711,13,268,12,34.6,5.9,0.175,14.6,934,47.1*F1C6
$$KARB2B,292,16:43:02,42.10690,-85.98971,00744,3,181,12,34.6,5.9,0.177,14.2,931,48.3*B24E
$$KARB2B,293,16:43:15,42.10669,-85.98962,00775,7,164,12,34.6,5.9,0.185,14.5,928,47.8*B419
$$KARB2B,294,16:43:28,42.10649,-85.98951,00808,3,133,12,34.6,5.8,0.270,14.5,926,47.5*6AEA
$$KARB2B,295,16:43:40,42.10652,-85.98947,00840,3,354,12,34.6,5.9,0.185,14.4,922,47.8*8098
$$KARB2B,296,16:43:53,42.10657,-85.98982,00870,13,254,12,34.5,5.9,0.175,13.9,919,48.7*3635
$$KARB2B,297,16:44:06,42.10628,-85.99024,00911,13,225,12,34.5,5.9,0.172,13.6,916,49.3*DA1B
$$KARB2B,298,16:44:18,42.10611,-85.99052,00963,9,191,12,34.4,5.9,0.175,12.4,907,51.5*3C1A
$$KARB2B,299,16:44:31,42.10583,-85.99059,01020,14,163,12,34.4,5.8,0.243,12.7,901,51.0*F39E
$$KARB2B,300,16:44:44,42.10537,-85.99036,01065,13,149,12,34.4,5.9,0.173,12.0,897,52.3*4A88
$$KARB2B,301,16:44:57,42.10495,-85.99009,01112,9,184,12,34.4,5.9,0.176,12.9,893,51.2*C2A2
$$KARB2B,302,16:45:09,42.10447,-85.99010,01145,18,177,12,34.3,5.9,0.176,12.2,888,51.0*26E8
$$KARB2B,303,16:45:22,42.10381,-85.99001,01172,18,187,12,34.4,5.9,0.235,12.2,886,51.5*8816
$$KARB2B,304,16:45:35,42.10319,-85.99016,01204,14,189,12,34.2,5.9,0.176,12.4,880,50.1*B01A
$$KARB2B,305,16:45:48,42.10275,-85.99023,01234,11,173,12,34.2,5.9,0.174,12.1,877,49.6*8334
$$KARB2B,306,16:46:00,42.10243,-85.99014,01261,11,181,12,34.2,5.9,0.172,12.0,875,49.3*239B
$$KARB2B,307,16:46:13,42.10196,-85.99017,01291,20,175,12,34.2,5.9,0.186,11.5,872,47.4*EE0E
$$KARB2B,308,16:46:26,42.10130,-85.99010,01315,20,176,12,34.2,5.9,0.194,11.2,869,45.4*610C
$$KARB2B,309,16:46:38,42.10080,-85.99004,01341,11,186,12,34.1,5.9,0.182,11.4,867,42.1*17C7
$$KARB2B,310,16:46:51,42.10041,-85.99030,01372,14,233,12,34.1,5.8,0.247,11.2,862,39.3*8737
$$KARB2B,311,16:47:04,42.10001,-85.99062,01393,13,204,12,34.1,5.9,0.172,11.5,860,38.7*B629
$$KARB2B,312,16:47:17,42.09966,-85.99098,01412,16,223,12,34.1,5.9,0.173,12.1,858,36.8*58A7
$$KARB2B,313,16:47:30,42.09931,-85.99133,01432,14,222,12,34.1,5.8,0.247,13.2,856,35.6*C75D
$$KARB2B,314,16:47:42,42.09895,-85.99165,01451,11,232,12,34.1,5.9,0.174,13.4,855,34.2*036D
$$KARB2B,315,16:47:55,42.09862,-85.99203,01473,13,231,12,34.1,5.9,0.174,13.2,853,34.1*3DF8
$$KARB2B,316,16:48:08,42.09824,-85.99236,01496,13,210,12,34.1,5.9,0.171,13.4,851,33.5*1608
$$KARB2B,317,16:48:20,42.09786,-85.99272,01519,18,227,12,34.1,5.9,0.175,14.0,847,25.0*ABB8
$$KARB2B,318,16:48:33,42.09745,-85.99321,01544,13,232,12,34.1,5.9,0.173,13.8,844,20.3*C9C0
$$KARB2B,319,16:48:46,42.09708,-85.99375,01569,14,228,12,34.1,5.9,0.174,14.4,842,16.8*FDD9
$$KARB2B,320,16:48:59,42.09673,-85.99429,01596,16,216,12,34.1,5.9,0.193,14.7,840,15.3*6943
$$KARB2B,321,16:49:11,42.09641,-85.99489,01619,16,227,12,34.1,5.9,0.195,14.8,838,14.9*9991
$$KARB2B,322,16:49:24,42.09616,-85.99547,01643,14,251,12,34.1,5.9,0.248,14.9,835,13.5*2B94
$$KARB2B,323,16:49:37,42.09584,-85.99599,01668,13,214,12,34.1,5.9,0.174,14.5,831,10.4*A85B
$$KARB2B,324,16:49:50,42.09544,-85.99646,01694,18,213,12,34.1,5.9,0.174,14.3,829,9.6*BD34
$$KARB2B,325,16:50:02,42.09499,-85.99702,01717,18,217,12,34.2,5.8,0.176,13.8,827,15.3*B5E1
$$KARB2B,326,16:50:15,42.09452,-85.99748,01742,18,198,12,34.2,5.9,0.175,14.5,825,18.4*7BAF
$$KARB2B,327,16:50:28,42.09394,-85.99791,01765,20,209,12,34.2,5.9,0.185,14.4,823,16.2*247B
$$KARB2B,328,16:50:41,42.09333,-85.99834,01788,20,209,12,34.2,5.9,0.175,14.4,821,18.6*992D
$$KARB2B,329,16:50:53,42.09280,-85.99865,01807,22,199,12,34.2,5.8,0.246,14.7,817,19.2*E02D
$$KARB2B,330,16:51:06,42.09210,-85.99901,01827,20,186,12,34.2,5.9,0.176,14.3,815,20.7*C493
$$KARB2B,331,16:51:19,42.09139,-85.99922,01848,22,180,12,34.3,5.9,0.172,14.8,814,22.1*F8C3
$$KARB2B,332,16:51:32,42.09070,-85.99935,01867,18,196,12,34.3,5.8,0.246,14.2,812,25.0*5F19
$$KARB2B,333,16:51:44,42.09005,-85.99941,01886,20,181,12,34.4,5.9,0.177,13.7,810,24.2*240C
$$KARB2B,334,16:51:57,42.08937,-85.99951,01905,22,177,12,34.3,5.9,0.192,13.3,809,22.8*91EC
$$KARB2B,335,16:52:10,42.08870,-85.99960,01925,20,172,12,34.3,5.9,0.191,14.1,807,22.5*E2C4
$$KARB2B,336,16:52:22,42.08809,-85.99968,01944,20,182,12,34.4,5.8,0.239,14.6,804,20.0*ED06
$$KARB2B,337,16:52:35,42.08743,-85.99969,01966,20,193,12,34.4,5.9,0.176,14.2,802,20.5*A953
$$KARB2B,338,16:52:48,42.08678,-85.99976,01986,22,188,12,34.4,5.9,0.176,13.8,800,21.5*8C4C
$$KARB2B,339,16:53:20,42.08521,-85.99983,02041,18,186,12,34.5,5.9,0.191,13.1,795,22.8*6DFF
$$KARB2B,340,16:53:51,42.08374,-85.99986,02096,20,173,12,34.6,5.9,0.176,12.9,789,23.1*A242
$$KARB2B,341,16:54:23,42.08220,-86.00000,02155,20,179,12,34.6,5.9,0.174,13.4,783,24.0*FAA3
$$KARB2B,342,16:54:54,42.08077,-86.00017,02214,14,191,12,34.6,5.8,0.260,13.7,779,25.1*E901
$$KARB2B,343,16:55:26,42.07937,-86.00036,02277,16,178,12,34.7,5.8,0.247,13.5,773,24.7*74A0
$$KARB2B,344,16:55:57,42.07807,-86.00052,02337,14,177,12,34.8,5.9,0.171,12.6,767,25.3*023B
$$KARB2B,345,16:56:29,42.07685,-86.00060,02397,16,174,12,34.8,5.8,0.248,11.9,760,22.1*0CD8
$$KARB2B,346,16:57:00,42.07598,-86.00060,02460,11,167,12,34.8,5.9,0.173,12.1,754,20.1*FB48
$$KARB2B,347,16:57:32,42.07542,-86.00042,02523,3,188,12,34.8,5.9,0.196,10.5,748,16.3*D484
$$KARB2B,348,16:58:03,42.07508,-86.00000,02581,5,103,12,34.8,5.9,0.173,11.2,743,19.5*2186
$$KARB2B,349,16:58:35,42.07455,-85.99911,02636,13,125,12,34.8,5.8,0.175,12.0,739,17.9*F767
$$KARB2B,350,16:59:06,42.07402,-85.99842,02701,13,135,12,34.8,5.9,0.174,11.6,733,20.8*1858
$$KARB2B,351,16:59:38,42.07306,-85.99753,02760,13,163,12,34.8,5.9,0.175,10.8,727,21.5*AF97
$$KARB2B,352,17:00:09,42.07195,-85.99669,02818,20,150,12,34.8,5.9,0.176,10.7,722,22.0*675F
$$KARB2B,353,17:00:41,42.07060,-85.99573,02878,14,155,12,34.8,5.9,0.178,10.3,716,21.5*0BB0
$$KARB2B,354,17:01:12,42.06938,-85.99462,02941,24,146,12,34.9,5.9,0.175,10.3,710,18.5*84F7
$$KARB2B,355,17:01:44,42.06821,-85.99319,03004,18,125,12,34.8,5.9,0.173,10.8,705,18.4*5AFE
$$KARB2B,356,17:02:16,42.06723,-85.99181,03066,16,128,12,34.8,5.9,0.176,11.6,699,17.7*5051
$$KARB2B,357,17:02:47,42.06629,-85.99055,03127,16,125,12,34.7,5.9,0.173,11.3,695,17.5*6779
$$KARB2B,358,17:03:19,42.06568,-85.98892,03190,14,112,12,34.7,5.9,0.187,10.8,689,15.0*2827
$$KARB2B,359,17:03:50,42.06514,-85.98703,03252,22,108,12,34.6,5.9,0.173,10.0,684,12.6*40D2
$$KARB2B,360,17:04:22,42.06444,-85.98505,03313,18,105,12,34.6,5.8,0.247,9.9,678,11.6*E6FC
$$KARB2B,361,17:04:53,42.06371,-85.98318,03374,20,118,12,34.6,5.9,0.172,9.0,673,11.5*CF3B
$$KARB2B,362,17:05:25,42.06298,-85.98096,03441,20,100,12,34.6,5.9,0.171,7.8,667,13.2*3F93
$$KARB2B,363,17:05:56,42.06248,-85.97900,03501,24,115,12,34.6,5.8,0.268,7.7,661,12.9*7449
$$KARB2B,364,17:06:28,42.06184,-85.97698,03561,14,120,12,34.4,5.8,0.180,8.2,658,12.8*D636
$$KARB2B,365,17:06:59,42.06114,-85.97515,03619,18,121,12,34.4,5.8,0.252,8.5,653,11.9*D531
$$KARB2B,366,17:07:31,42.06013,-85.97360,03680,22,136,12,34.4,5.8,0.247,8.0,648,11.5*5702
$$KARB2B,367,17:08:02,42.05925,-85.97185,03739,20,111,12,34.3,5.9,0.175,8.9,642,10.4*1518
$$KARB2B,368,17:08:34,42.05872,-85.96953,03797,27,101,12,34.2,5.9,0.190,9.3,638,9.9*485E
$$KARB2B,369,17:09:05,42.05847,-85.96681,03856,22,97,12,34.2,5.9,0.179,8.8,633,9.9*DC58
$$KARB2B,370,17:09:36,42.05826,-85.96388,03914,31,95,12,34.1,5.9,0.177,8.0,628,9.8*9B91
$$KARB2B,371,17:10:08,42.05826,-85.96082,03972,27,85,12,34.1,5.9,0.174,7.5,624,9.7*B0C9
$$KARB2B,372,17:10:39,42.05821,-85.95781,04029,29,101,12,34.0,5.9,0.176,7.0,619,9.2*A2C9
$$KARB2B,373,17:11:11,42.05815,-85.95467,04087,31,96,12,33.9,5.9,0.174,8.9,615,8.4*8102
$$KARB2B,374,17:11:42,42.05824,-85.95158,04153,29,75,12,33.9,5.9,0.190,7.9,609,8.2*832A
$$KARB2B,375,17:12:14,42.05876,-85.94850,04220,27,72,12,33.9,5.9,0.175,5.9,604,8.4*379E
$$KARB2B,376,17:12:45,42.05931,-85.94538,04283,24,82,12,33.8,5.9,0.176,6.2,599,8.3*B424
$$KARB2B,377,17:13:16,42.05953,-85.94196,04349,31,82,12,33.8,5.9,0.174,6.5,593,7.8*A8D3
$$KARB2B,378,17:13:48,42.05955,-85.93832,04417,35,93,12,33.7,5.9,0.172,6.2,590,7.8*C6B0
$$KARB2B,379,17:14:19,42.05923,-85.93466,04485,40,92,12,33.6,5.9,0.193,6.3,585,7.7*272E
$$KARB2B,380,17:14:51,42.05870,-85.93086,04563,31,107,12,33.6,5.9,0.203,4.7,579,7.9*5A37
$$KARB2B,381,17:15:22,42.05813,-85.92664,04652,39,101,12,33.4,5.9,0.174,3.5,572,7.8*F930
$$KARB2B,382,17:15:54,42.05798,-85.92220,04742,48,89,12,33.3,5.9,0.175,3.0,565,7.0*A470
$$KARB2B,383,17:16:25,42.05790,-85.91700,04811,48,86,12,33.2,5.8,0.243,3.5,559,6.4*6290
$$KARB2B,384,17:16:56,42.05819,-85.91150,04882,46,88,12,33.1,5.9,0.185,1.1,554,6.5*1ABB
$$KARB2B,385,17:17:28,42.05847,-85.90548,04939,55,89,12,33.0,5.9,0.182,1.5,551,6.6*920B
$$KARB2B,386,17:17:59,42.05872,-85.89979,04988,55,92,12,32.9,5.8,0.244,3.3,547,6.6*D646
$$KARB2B,387,17:18:31,42.05892,-85.89404,05040,50,85,12,32.8,5.8,0.239,4.6,543,7.2*B215
$$KARB2B,388,17:19:02,42.05904,-85.88852,05090,55,85,12,32.8,5.9,0.174,4.1,540,7.5*A5CF
$$KARB2B,389,17:19:33,42.05930,-85.88280,05145,53,87,12,32.8,5.8,0.247,4.3,536,7.5*DBB9
$$KARB2B,390,17:20:05,42.05955,-85.87652,05200,57,89,12,32.6,5.9,0.202,3.9,532,7.4*A10D
$$KARB2B,391,17:20:36,42.05967,-85.87041,05256,63,88,12,32.6,5.9,0.172,3.4,527,7.6*A99D
$$KARB2B,392,17:21:08,42.06019,-85.86393,05321,63,78,12,32.6,5.9,0.171,3.3,524,7.9*9845
$$KARB2B,393,17:21:39,42.06089,-85.85758,05381,63,81,12,32.4,5.9,0.174,3.0,520,8.4*B7E5
$$KARB2B,394,17:22:10,42.06161,-85.85091,05443,68,79,12,32.4,5.9,0.172,2.9,516,8.5*FFD3
$$KARB2B,395,17:22:42,42.06244,-85.84358,05507,70,78,12,32.3,5.9,0.191,2.7,511,8.2*9CBB
$$KARB2B,396,17:23:13,42.06342,-85.83633,05568,74,81,12,32.2,5.9,0.173,2.4,507,8.3*9E72
$$KARB2B,397,17:23:45,42.06461,-85.82880,05633,70,76,12,32.1,5.9,0.172,1.6,502,8.4*8252
$$KARB2B,398,17:24:16,42.06604,-85.82137,05696,74,80,12,32.1,5.9,0.171,0.7,498,9.0*513A
$$KARB2B,399,17:24:48,42.06774,-85.81356,05761,70,71,12,31.9,5.9,0.172,0.4,495,9.2*8766
$$KARB2B,400,17:25:19,42.06950,-85.80591,05824,79,70,12,31.8,5.9,0.182,0.1,491,9.5*CEF9
$$KARB2B,401,17:25:50,42.07127,-85.79815,05888,78,78,12,31.8,5.9,0.185,-0.2,486,8.7*83BE
$$KARB2B,402,17:26:22,42.07312,-85.78978,05955,79,74,12,31.7,5.9,0.172,-0.4,482,8.8*5BB8
$$KARB2B,403,17:26:53,42.07496,-85.78150,06024,83,69,12,31.6,5.9,0.208,2.1,477,8.0*E1FC
$$KARB2B,404,17:27:25,42.07717,-85.77306,06092,87,70,12,31.4,5.8,0.253,1.7,473,7.3*E47C
$$KARB2B,405,17:27:56,42.07954,-85.76463,06160,83,65,12,31.4,5.9,0.171,1.7,468,7.0*0B76
$$KARB2B,406,17:28:27,42.08213,-85.75620,06233,91,64,12,31.2,5.8,0.266,-0.0,465,7.2*0575
$$KARB2B,407,17:28:59,42.08507,-85.74755,06305,87,65,12,31.1,5.8,0.175,-0.9,460,7.3*C4D4
$$KARB2B,408,17:29:30,42.08796,-85.73917,06371,85,63,12,31.0,5.9,0.170,-1.5,456,7.5*A0C6
$$KARB2B,409,17:30:02,42.09085,-85.73050,06440,91,66,12,30.9,5.8,0.243,-2.3,451,7.8*B14E
$$KARB2B,410,17:30:33,42.09374,-85.72206,06502,87,63,12,30.8,5.8,0.246,-2.7,447,8.0*B4F2
$$KARB2B,411,17:31:05,42.09682,-85.71340,06564,85,66,12,30.6,5.9,0.187,-3.1,444,8.4*419E
$$KARB2B,412,17:31:36,42.09993,-85.70493,06621,91,63,12,30.6,5.8,0.172,-4.3,440,9.2*936C
$$KARB2B,413,17:32:08,42.10330,-85.69631,06680,85,60,12,30.4,5.9,0.169,-3.0,437,8.7*3E2D
$$KARB2B,414,17:32:39,42.10669,-85.68794,06734,91,59,12,30.2,5.9,0.174,-3.4,434,7.7*832D
$$KARB2B,415,17:33:11,42.11020,-85.67927,06796,92,60,12,30.1,5.9,0.172,-5.4,430,7.7*870E
$$KARB2B,416,17:33:42,42.11361,-85.67061,06854,91,60,12,30.0,5.9,0.176,-5.7,427,7.6*60E4
$$KARB2B,417,17:34:14,42.11715,-85.66147,06916,96,62,12,29.9,5.9,0.185,-6.3,423,7.9*CB94
$$KARB2B,418,17:34:45,42.12037,-85.65208,06982,96,64,12,29.6,5.9,0.172,-5.6,419,7.4*845A
$$KARB2B,419,17:35:16,42.12365,-85.64251,07040,102,64,12,29.6,5.9,0.174,-6.1,415,8.9*B334
$$KARB2B,420,17:35:48,42.12721,-85.63268,07101,104,62,12,29.4,5.9,0.169,-5.2,413,7.5*754E
$$KARB2B,421,17:36:19,42.13096,-85.62334,07171,105,56,12,29.2,5.8,0.175,-5.5,409,6.4*CAA9
$$KARB2B,422,17:36:51,42.13512,-85.61403,07259,105,58,12,29.1,5.9,0.191,-6.8,404,8.3*D717
$$KARB2B,423,17:37:23,42.13926,-85.60426,07337,98,62,12,28.9,5.8,0.169,-6.6,399,9.0*FADC
$$KARB2B,424,17:37:54,42.14323,-85.59450,07399,105,59,12,28.7,5.8,0.241,-6.5,396,10.3*2153
$$KARB2B,425,17:38:26,42.14753,-85.58412,07459,104,59,12,28.5,5.7,0.168,-6.6,392,11.1*C42E
$$KARB2B,426,17:38:57,42.15155,-85.57420,07517,109,59,12,28.4,5.9,0.178,-6.4,389,10.6*090E
$$KARB2B,427,17:39:29,42.15578,-85.56379,07583,109,65,12,28.2,5.8,0.252,-7.6,386,10.7*F6DB
$$KARB2B,428,17:40:00,42.15968,-85.55313,07646,117,61,12,28.0,5.8,0.172,-8.3,383,13.7*21ED
$$KARB2B,429,17:40:32,42.16360,-85.54194,07712,113,64,12,27.8,5.8,0.170,-7.7,379,13.5*E755
$$KARB2B,430,17:41:03,42.16749,-85.53099,07781,115,61,12,27.6,5.8,0.169,-8.1,375,13.3*A8BA
$$KARB2B,431,17:41:35,42.17171,-85.51987,07857,111,61,12,27.4,5.8,0.171,-6.0,371,14.2*88CA
$$KARB2B,432,17:42:06,42.17640,-85.50907,07953,118,62,12,27.2,5.8,0.170,-7.0,366,13.8*C2CF
$$KARB2B,433,17:42:38,42.18118,-85.49787,08039,115,61,12,27.0,5.8,0.171,-8.6,362,14.9*65C9
$$KARB2B,434,17:43:09,42.18567,-85.48724,08122,117,59,12,26.8,5.8,0.170,-8.9,357,14.6*A6CF
$$KARB2B,435,17:43:41,42.19017,-85.47619,08207,115,64,12,26.6,5.8,0.170,-10.7,354,14.7*28AD
$$KARB2B,436,17:44:12,42.19452,-85.46516,08289,115,61,12,26.4,5.8,0.166,-14.7,350,16.6*461E
$$KARB2B,437,17:44:44,42.19875,-85.45334,08377,124,65,12,26.2,5.8,0.170,-15.5,345,17.5*503E
$$KARB2B,438,17:45:15,42.20278,-85.44167,08453,122,64,12,25.9,5.8,0.189,-14.3,341,16.4*914D
$$KARB2B,439,17:45:47,42.20687,-85.42957,08527,126,66,12,25.8,5.8,0.169,-13.6,338,13.9*7EC7
$$KARB2B,440,17:46:19,42.21098,-85.41730,08602,131,66,12,25.6,5.8,0.167,-12.5,334,13.9*9EB8
$$KARB2B,441,17:46:50,42.21488,-85.40533,08672,118,66,12,25.4,5.8,0.166,-13.7,330,14.2*A08D
$$KARB2B,442,17:47:22,42.21901,-85.39320,08745,126,66,12,25.2,5.8,0.169,-14.5,328,14.4*AED3
$$KARB2B,443,17:47:53,42.22296,-85.38145,08814,124,67,12,25.1,5.8,0.177,-16.0,324,14.1*AE6C
$$KARB2B,444,17:48:25,42.22725,-85.36968,08891,117,64,12,24.9,5.8,0.201,-16.2,321,13.0*3C54
$$KARB2B,445,17:48:56,42.23149,-85.35866,08962,118,61,12,24.6,5.8,0.166,-15.6,317,11.6*5F66
$$KARB2B,446,17:49:28,42.23594,-85.34724,09037,120,62,12,24.4,5.8,0.168,-16.6,314,11.2*519E
$$KARB2B,447,17:50:00,42.24051,-85.33592,09106,115,57,12,24.2,5.7,0.240,-16.4,310,10.7*E419
$$KARB2B,448,17:50:31,42.24508,-85.32463,09181,117,61,12,24.0,5.7,0.239,-18.2,307,10.4*6C64
$$KARB2B,449,17:51:03,42.25001,-85.31324,09287,126,63,12,23.7,5.8,0.174,-20.1,302,10.7*6C13
$$KARB2B,450,17:51:34,42.25528,-85.30077,09394,141,58,12,23.5,5.8,0.166,-21.2,299,10.7*FC19
$$KARB2B,451,17:52:06,42.26115,-85.28773,09502,152,56,12,23.2,5.8,0.168,-21.0,294,10.1*58A3
$$KARB2B,452,17:52:37,42.26772,-85.27374,09590,165,59,12,22.9,5.8,0.165,-21.2,290,9.3*B04F
$$KARB2B,453,17:53:09,42.27437,-85.25898,09685,159,56,12,22.6,5.8,0.166,-20.8,285,8.4*D3E1
$$KARB2B,454,17:53:40,42.28123,-85.24397,09751,170,57,12,22.4,5.8,0.181,-19.3,282,7.8*642D
$$KARB2B,455,17:54:12,42.28865,-85.22867,09818,172,54,12,22.1,5.8,0.163,-19.5,279,7.5*5693
$$KARB2B,456,17:54:43,42.29600,-85.21368,09891,172,57,12,21.9,5.8,0.167,-19.1,276,7.4*6122
$$KARB2B,457,17:55:15,42.30349,-85.19787,09967,176,56,12,21.8,5.8,0.166,-18.6,274,7.4*73EC
$$KARB2B,458,17:55:46,42.31061,-85.18225,10047,172,57,12,21.5,5.8,0.165,-18.8,271,7.5*E2EE
$$KARB2B,459,17:56:18,42.31793,-85.16582,10129,182,57,12,21.3,5.8,0.172,-16.5,267,7.4*4C50
$$KARB2B,460,17:56:49,42.32497,-85.14909,10206,180,58,12,21.1,5.8,0.165,-17.5,264,8.0*4AB4
$$KARB2B,461,17:57:21,42.33212,-85.13172,10288,183,62,12,20.9,5.8,0.165,-18.2,261,8.5*3435
$$KARB2B,462,17:57:52,42.33892,-85.11438,10371,193,63,12,20.8,5.7,0.237,-20.5,257,8.8*B2FE
$$KARB2B,463,17:58:24,42.34589,-85.09592,10449,195,63,12,20.6,5.8,0.167,-20.6,254,9.0*1DD9
$$KARB2B,464,17:58:56,42.35304,-85.07744,10525,193,60,12,20.3,5.8,0.163,-20.3,251,8.8*AB64
$$KARB2B,465,17:59:27,42.35996,-85.05913,10599,198,62,12,20.2,5.7,0.240,-21.5,249,8.8*04AE
$$KARB2B,466,17:59:59,42.36715,-85.04012,10675,196,66,12,20.1,5.8,0.164,-21.7,246,8.7*0EDC
$$KARB2B,467,18:00:30,42.37411,-85.02135,10745,198,64,12,19.9,5.8,0.178,-21.1,243,8.7*E8CB
$$KARB2B,468,18:01:02,42.38135,-85.00214,10820,191,63,12,19.7,5.7,0.175,-22.4,241,8.6*7087
$$KARB2B,469,18:01:33,42.38821,-84.98353,10895,198,61,12,19.6,5.7,0.165,-23.4,238,8.6*0840
$$KARB2B,470,18:02:05,42.39524,-84.96420,10968,198,64,12,19.4,5.8,0.179,-23.0,235,8.6*C494
$$KARB2B,471,18:02:36,42.40199,-84.94564,11039,198,66,12,19.2,5.7,0.164,-23.4,232,8.4*E635
$$KARB2B,472,18:03:08,42.40881,-84.92627,11113,200,63,12,19.1,5.8,0.165,-23.1,230,8.4*7F99
$$KARB2B,473,18:03:39,42.41530,-84.90767,11189,200,64,12,18.9,5.7,0.163,-22.7,228,8.4*E4EE
$$KARB2B,474,18:04:11,42.42183,-84.88842,11271,198,64,12,18.7,5.8,0.165,-21.1,225,8.2*6F75
$$KARB2B,475,18:04:42,42.42826,-84.86961,11346,200,65,12,18.5,5.7,0.185,-23.5,222,7.9*7E32
$$KARB2B,476,18:05:14,42.43538,-84.85037,11426,198,62,12,18.3,5.7,0.165,-23.2,219,7.6*94CE
$$KARB2B,477,18:05:45,42.44236,-84.83186,11499,195,60,12,18.1,5.7,0.163,-22.4,216,7.4*4661
$$KARB2B,478,18:06:17,42.44991,-84.81282,11579,196,59,12,17.9,5.7,0.162,-23.9,214,7.5*6608
$$KARB2B,479,18:06:48,42.45758,-84.79431,11662,206,62,12,17.8,5.7,0.165,-22.2,211,7.5*4D98
$$KARB2B,480,18:07:20,42.46552,-84.77502,11752,202,58,12,17.6,5.7,0.160,-23.6,209,7.5*9020
$$KARB2B,481,18:07:52,42.47355,-84.75581,11861,200,62,12,17.4,5.7,0.171,-26.0,205,7.6*22B8
$$KARB2B,482,18:08:23,42.48138,-84.73705,11964,213,59,12,17.2,5.7,0.160,-27.0,202,7.7*2834
$$KARB2B,483,18:08:55,42.48955,-84.71747,12060,206,60,12,16.9,5.6,0.173,-26.2,198,7.7*B940
$$KARB2B,484,18:09:26,42.49738,-84.69830,12136,200,63,12,16.8,5.7,0.163,-28.3,196,7.7*CB1E
$$KARB2B,485,18:09:58,42.50445,-84.67907,12239,185,68,12,16.5,5.7,0.223,-32.2,193,7.7*A918
$$KARB2B,486,18:10:29,42.50973,-84.66242,12338,170,67,12,16.3,5.6,0.254,-31.9,189,7.6*16C9
$$KARB2B,487,18:11:01,42.51444,-84.64604,12419,159,69,12,16.1,5.7,0.164,-30.7,188,7.5*A5EC
$$KARB2B,488,18:11:32,42.51862,-84.62998,12494,159,72,12,15.9,5.6,0.234,-28.5,185,7.2*BA9F
$$KARB2B,489,18:12:04,42.52222,-84.61390,12568,152,73,12,15.7,5.7,0.161,-25.3,183,6.8*AFB3
$$KARB2B,490,18:12:35,42.52516,-84.59850,12638,148,79,12,15.6,5.7,0.161,-25.1,181,6.6*D9DC
$$KARB2B,491,18:13:07,42.52786,-84.58319,12708,137,75,12,15.4,5.7,0.182,-24.6,179,6.5*4DD7
$$KARB2B,492,18:13:38,42.53048,-84.56906,12773,143,74,12,15.2,5.7,0.226,-24.3,177,6.4*4F1B
$$KARB2B,493,18:14:10,42.53333,-84.55505,12845,130,75,12,15.1,5.7,0.163,-23.4,175,6.2*0BAF
$$KARB2B,494,18:14:41,42.53642,-84.54205,12921,130,69,12,15.0,5.7,0.162,-24.3,173,6.2*52C1
$$KARB2B,495,18:15:13,42.53987,-84.52957,13003,118,68,12,14.9,5.7,0.164,-24.3,171,6.2*14F2
$$KARB2B,496,18:15:44,42.54371,-84.51806,13077,118,63,12,14.8,5.7,0.172,-23.6,169,6.0*2D72
$$KARB2B,497,18:16:16,42.54767,-84.50649,13148,120,64,12,14.7,5.7,0.169,-22.1,167,6.0*BF42
$$KARB2B,498,18:16:47,42.55169,-84.49521,13214,113,64,12,14.6,5.7,0.162,-21.8,165,5.9*3551
$$KARB2B,499,18:17:19,42.55555,-84.48365,13282,117,68,12,14.6,5.7,0.162,-22.6,164,5.8*B016
$$KARB2B,500,18:17:51,42.55911,-84.47201,13348,109,67,12,14.6,5.7,0.229,-20.7,162,5.7*B8BB
$$KARB2B,501,18:18:22,42.56269,-84.46112,13416,113,66,12,14.5,5.7,0.160,-20.4,160,5.7*288C
$$KARB2B,502,18:18:54,42.56611,-84.45002,13489,111,68,12,14.4,5.7,0.181,-19.8,159,5.6*F68A
$$KARB2B,503,18:19:25,42.56984,-84.43892,13565,113,66,12,14.4,5.6,0.229,-18.9,157,5.5*F26C
$$KARB2B,504,18:19:57,42.57365,-84.42725,13646,118,67,12,14.4,5.7,0.165,-17.5,155,5.5*F609
$$KARB2B,505,18:20:28,42.57767,-84.41569,13719,118,67,12,14.4,5.7,0.163,-18.4,153,5.5*3653
$$KARB2B,506,18:21:00,42.58154,-84.40390,13793,115,67,12,14.3,5.6,0.207,-19.2,151,5.5*4837
$$KARB2B,507,18:21:31,42.58482,-84.39291,13863,111,65,12,14.3,5.6,0.253,-18.8,150,5.4*15C9
$$KARB2B,508,18:22:03,42.58844,-84.38175,13940,115,66,12,14.3,5.7,0.160,-16.4,148,5.3*890F
$$KARB2B,509,18:22:34,42.59245,-84.37012,14013,124,63,12,14.3,5.6,0.237,-16.1,147,5.2*8700
$$KARB2B,510,18:23:06,42.59682,-84.35782,14090,126,64,12,14.3,5.6,0.163,-16.5,145,5.2*1A3A
$$KARB2B,511,18:23:37,42.60076,-84.34574,14168,126,67,12,14.3,5.7,0.161,-17.0,143,5.3*96F0
$$KARB2B,512,18:24:09,42.60419,-84.33343,14252,115,68,12,14.3,5.7,0.172,-16.4,141,5.2*4DFA
$$KARB2B,513,18:24:40,42.60750,-84.32152,14334,120,70,12,14.2,5.6,0.173,-17.1,139,5.2*DD0A
$$KARB2B,514,18:25:12,42.61099,-84.30869,14417,126,68,12,14.3,5.7,0.161,-19.0,137,5.3*0B3F
$$KARB2B,515,18:25:43,42.61475,-84.29575,14495,135,65,12,14.3,5.7,0.159,-19.5,136,5.3*0F82
$$KARB2B,516,18:26:15,42.61850,-84.28273,14576,124,68,12,14.3,5.7,0.162,-19.5,134,5.3*CA9A
$$KARB2B,517,18:26:47,42.62221,-84.27074,14658,122,69,12,14.4,5.7,0.160,-20.2,133,5.4*7964
$$KARB2B,518,18:27:18,42.62571,-84.25968,14730,115,64,12,14.3,5.7,0.184,-19.9,131,5.3*8CEF
$$KARB2B,519,18:27:50,42.62953,-84.24839,14808,115,65,12,14.4,5.7,0.161,-19.9,130,5.3*4548
$$KARB2B,520,18:28:21,42.63283,-84.23722,14887,111,69,12,14.4,5.7,0.163,-20.8,128,5.4*C7AB
$$KARB2B,521,18:28:53,42.63611,-84.22587,14974,113,70,12,14.4,5.6,0.235,-19.4,126,5.3*5326
$$KARB2B,522,18:29:24,42.63894,-84.21524,15058,107,72,12,14.4,5.7,0.161,-18.4,124,5.2*993A
$$KARB2B,523,18:29:56,42.64175,-84.20390,15146,111,72,12,14.5,5.7,0.181,-16.7,123,5.2*5CB5
$$KARB2B,524,18:30:27,42.64421,-84.19259,15224,111,76,12,14.5,5.6,0.218,-15.6,122,5.0*07B4
$$KARB2B,525,18:30:59,42.64641,-84.18088,15300,113,75,12,14.5,5.6,0.161,-15.5,120,5.1*FCC5
$$KARB2B,526,18:31:30,42.64868,-84.17010,15372,105,74,12,14.6,5.6,0.231,-16.2,119,5.1*4720
$$KARB2B,527,18:32:02,42.65076,-84.15892,15443,105,79,12,14.6,5.6,0.163,-14.6,117,5.0*E03F
$$KARB2B,528,18:32:33,42.65289,-84.14816,15513,104,74,12,14.6,5.6,0.168,-14.5,116,5.0*8560
$$KARB2B,529,18:33:05,42.65524,-84.13748,15593,102,71,12,14.6,5.6,0.162,-15.3,115,5.0*D6B1
$$KARB2B,530,18:33:36,42.65808,-84.12770,15672,98,72,12,14.7,5.6,0.228,-16.3,113,5.0*7197
$$KARB2B,531,18:34:08,42.66083,-84.11726,15755,100,66,12,14.8,5.6,0.162,-15.9,112,5.0*BCB6
$$KARB2B,532,18:34:39,42.66394,-84.10783,15835,102,66,12,14.8,5.6,0.160,-15.5,111,5.0*234C
$$KARB2B,533,18:35:11,42.66700,-84.09789,15913,98,65,12,14.8,5.6,0.161,-15.4,109,5.0*9996
$$KARB2B,534,18:35:42,42.66976,-84.08841,15985,94,69,12,14.9,5.6,0.181,-12.4,108,4.8*A3B3
$$KARB2B,535,18:36:14,42.67253,-84.07881,16055,92,64,12,14.9,5.6,0.164,-12.6,107,4.8*CE82
$$KARB2B,536,18:36:46,42.67552,-84.06947,16125,94,67,12,14.9,5.6,0.163,-14.3,106,4.9*F177
$$KARB2B,537,18:37:17,42.67902,-84.06062,16201,89,57,12,15.0,5.6,0.161,-13.2,104,4.8*28C4
$$KARB2B,538,18:37:48,42.68296,-84.05216,16284,96,59,12,15.1,5.6,0.162,-14.5,103,4.9*0050
$$KARB2B,539,18:38:20,42.68645,-84.04321,16369,94,66,12,15.1,5.6,0.178,-14.9,102,4.9*A976
$$KARB2B,540,18:38:52,42.68952,-84.03469,16458,87,63,12,15.2,5.6,0.162,-14.8,101,4.9*3217
$$KARB2B,541,18:39:23,42.69197,-84.02634,16546,83,73,12,15.2,5.6,0.233,-14.1,99,4.9*C342
$$KARB2B,542,18:39:54,42.69361,-84.01778,16637,85,81,12,15.3,5.6,0.162,-12.5,98,4.7*9DF9
$$KARB2B,543,18:40:26,42.69495,-84.00925,16727,79,75,12,15.4,5.6,0.161,-14.2,97,4.9*4EAF
$$KARB2B,544,18:40:57,42.69618,-84.00158,16810,66,75,12,15.4,5.6,0.237,-12.5,95,4.8*7871
$$KARB2B,545,18:41:29,42.69740,-83.99472,16892,65,77,12,15.5,5.5,0.230,-13.1,94,4.8*CE46
$$KARB2B,546,18:42:00,42.69873,-83.98858,16965,61,72,12,15.6,5.6,0.161,-14.4,93,4.9*8A1A
$$KARB2B,547,18:42:32,42.70035,-83.98215,17041,65,72,12,15.7,5.6,0.231,-14.5,92,4.9*DF94
$$KARB2B,548,18:43:03,42.70193,-83.97562,17113,68,74,12,15.8,5.6,0.162,-13.0,91,4.8*C604
$$KARB2B,549,18:43:35,42.70372,-83.96855,17192,66,68,12,15.8,5.6,0.163,-14.0,90,4.8*0957
$$KARB2B,550,18:44:06,42.70569,-83.96162,17275,70,68,12,15.9,5.6,0.176,-13.5,89,4.8*2B80
$$KARB2B,551,18:44:38,42.70760,-83.95467,17362,65,71,12,16.0,5.6,0.161,-14.2,88,4.8*6A5A
$$KARB2B,552,18:45:09,42.70906,-83.94836,17448,63,70,12,16.0,5.6,0.161,-12.9,86,4.7*7EED
$$KARB2B,553,18:45:40,42.71068,-83.94286,17539,52,61,12,16.1,5.6,0.164,-13.9,86,4.8*8A7D
$$KARB2B,554,18:46:12,42.71295,-83.93733,17631,65,62,12,16.2,5.6,0.163,-14.8,84,4.8*56F8
$$KARB2B,555,18:46:43,42.71553,-83.93195,17716,65,58,12,16.2,5.6,0.178,-13.8,83,4.7*6A5D
$$KARB2B,556,18:47:15,42.71856,-83.92571,17797,70,57,12,16.2,5.6,0.162,-10.4,82,4.6*8D3E
$$KARB2B,557,18:47:46,42.72126,-83.91949,17866,66,63,12,16.4,5.6,0.163,-12.7,81,4.7*ACD1
$$KARB2B,558,18:48:18,42.72370,-83.91261,17937,72,67,12,16.4,5.6,0.162,-12.8,80,4.7*EAB9
$$KARB2B,559,18:48:49,42.72596,-83.90582,18009,68,62,12,16.4,5.6,0.160,-13.1,79,4.7*7DB7
$$KARB2B,560,18:49:21,42.72721,-83.89922,18093,55,79,12,16.6,5.6,0.165,-14.0,79,4.7*2C9B
$$KARB2B,561,18:49:52,42.72743,-83.89278,18180,52,90,12,16.6,5.6,0.167,-14.7,78,4.8*1674
$$KARB2B,562,18:50:24,42.72696,-83.88682,18270,55,90,12,16.6,5.5,0.231,-13.6,77,4.7*BE7E
$$KARB2B,563,18:50:55,42.72662,-83.88201,18363,40,90,12,16.8,5.6,0.162,-11.9,75,4.7*CDE0
$$KARB2B,564,18:51:27,42.72683,-83.87747,18455,39,73,12,16.8,5.6,0.243,-11.9,74,4.7*2A28
$$KARB2B,565,18:51:58,42.72718,-83.87343,18543,35,83,12,16.9,5.6,0.165,-10.6,73,4.6*C081
$$KARB2B,566,18:52:30,42.72768,-83.86922,18628,42,80,12,16.9,5.6,0.179,-9.5,72,4.5*E997
$$KARB2B,567,18:53:01,42.72842,-83.86531,18708,33,69,12,17.0,5.5,0.234,-11.3,71,4.6*F4CA
$$KARB2B,568,18:53:32,42.72964,-83.86197,18788,37,69,12,17.1,5.5,0.232,-11.3,71,4.6*C692
$$KARB2B,569,18:54:04,42.73147,-83.85833,18864,50,53,12,17.1,5.6,0.161,-8.9,70,4.5*D014
$$KARB2B,570,18:54:35,42.73313,-83.85409,18940,48,70,12,17.2,5.6,0.162,-9.2,69,4.4*B83B
$$KARB2B,571,18:55:07,42.73425,-83.84854,19020,50,83,12,17.2,5.6,0.172,-7.9,68,4.4*B925
$$KARB2B,572,18:55:38,42.73441,-83.84280,19094,52,94,12,17.3,5.6,0.163,-8.5,68,4.4*15EE
$$KARB2B,573,18:56:09,42.73363,-83.83723,19162,50,103,12,17.4,5.6,0.165,-9.5,67,4.5*E278
$$KARB2B,574,18:56:41,42.73292,-83.83263,19260,33,105,12,17.4,5.6,0.165,-11.4,66,4.6*14C7
$$KARB2B,575,18:57:12,42.73285,-83.83000,19342,18,73,12,17.6,5.6,0.164,-11.4,65,4.6*75C0
$$KARB2B,576,18:57:44,42.73329,-83.82764,19435,26,69,12,17.6,5.6,0.165,-11.6,64,4.6*21C8
$$KARB2B,577,18:58:15,42.73408,-83.82516,19519,29,51,12,17.7,5.6,0.169,-9.7,63,4.5*B8A8
$$KARB2B,578,18:58:47,42.73540,-83.82227,19612,40,68,12,17.8,5.6,0.163,-8.8,63,4.4*F5FA
$$KARB2B,579,18:59:18,42.73652,-83.81892,19701,35,53,12,17.8,5.6,0.165,-10.3,62,4.5*C8F1
$$KARB2B,580,18:59:50,42.73729,-83.81553,19794,33,77,12,17.9,5.6,0.167,-11.7,61,4.6*8423
$$KARB2B,581,19:00:21,42.73760,-83.81165,19878,42,81,12,18.0,5.6,0.163,-8.5,60,4.4*15AA
$$KARB2B,582,19:00:53,42.73780,-83.80710,19956,35,93,12,18.1,5.5,0.251,-10.3,60,4.5*D14B
$$KARB2B,583,19:01:24,42.73783,-83.80370,20027,27,83,12,18.2,5.6,0.164,-9.0,59,4.5*8944
$$KARB2B,584,19:01:55,42.73774,-83.80061,20102,31,98,12,18.2,5.6,0.164,-9.0,58,4.4*3C5F
$$KARB2B,585,19:02:27,42.73817,-83.79816,20198,20,67,12,18.4,5.5,0.235,-9.3,57,4.4*77F8
$$KARB2B,586,19:02:58,42.73919,-83.79665,20288,20,35,12,18.4,5.6,0.164,-9.7,57,4.5*903D
$$KARB2B,587,19:03:30,42.74088,-83.79527,20379,31,39,12,18.5,5.6,0.230,-10.5,56,4.5*3800
$$KARB2B,588,19:04:01,42.74288,-83.79365,20469,33,35,12,18.6,5.5,0.197,-9.4,55,4.4*7395
$$KARB2B,589,19:04:33,42.74506,-83.79147,20561,29,46,12,18.7,5.5,0.163,-8.8,54,4.5*948F
$$KARB2B,590,19:05:04,42.74694,-83.78850,20652,40,51,12,18.8,5.6,0.166,-7.8,54,4.4*019E
$$KARB2B,591,19:05:35,42.74900,-83.78486,20742,44,50,12,18.9,5.5,0.237,-9.0,53,4.4*D6D1
$$KARB2B,592,19:06:07,42.75122,-83.78143,20835,37,54,12,18.9,5.6,0.169,-7.3,52,4.3*A8B9
$$KARB2B,593,19:06:38,42.75301,-83.77844,20927,33,56,12,19.0,5.6,0.174,-6.9,51,4.2*688A
$$KARB2B,594,19:07:10,42.75451,-83.77530,21022,29,60,12,19.1,5.6,0.165,-6.5,51,4.3*DC7A
$$KARB2B,595,19:07:41,42.75543,-83.77212,21108,20,76,12,19.2,5.6,0.164,-6.4,50,4.3*3167
$$KARB2B,596,19:08:12,42.75616,-83.76958,21199,16,68,12,19.3,5.6,0.163,-6.1,50,4.2*7048
$$KARB2B,597,19:08:44,42.75665,-83.76765,21295,13,69,12,19.4,5.6,0.166,-5.4,49,4.2*C999
$$KARB2B,598,19:09:15,42.75727,-83.76683,21388,13,29,12,19.5,5.6,0.185,-5.8,48,4.2*C183
$$KARB2B,599,19:09:47,42.75839,-83.76609,21489,14,19,12,19.6,5.6,0.168,-4.7,47,4.2*E0DE
$$KARB2B,600,19:10:18,42.75995,-83.76504,21588,22,31,12,19.7,5.6,0.164,-5.5,47,4.2*8E6D
$$KARB2B,601,19:10:50,42.76178,-83.76346,21690,31,24,12,19.8,5.6,0.164,-6.0,46,4.2*0A65
$$KARB2B,602,19:11:21,42.76355,-83.76130,21786,35,42,12,19.8,5.6,0.195,-4.4,45,4.1*AE9E
$$KARB2B,603,19:11:52,42.76492,-83.75903,21880,26,72,12,19.9,5.6,0.165,-6.0,45,4.2*F290
$$KARB2B,604,19:12:24,42.76564,-83.75647,21973,26,80,12,20.1,5.6,0.172,-7.1,44,4.3*8584
$$KARB2B,605,19:12:55,42.76634,-83.75491,22061,18,30,12,20.1,5.6,0.237,-3.3,44,4.0*2E2F
$$KARB2B,606,19:13:27,42.76747,-83.75375,22154,24,28,12,20.2,5.5,0.237,-2.4,43,3.9*0388
$$KARB2B,607,19:13:58,42.76896,-83.75282,22243,26,14,12,20.3,5.6,0.165,-2.9,42,4.0*DFCD
$$KARB2B,608,19:14:29,42.77084,-83.75170,22330,24,29,12,20.4,5.5,0.236,-3.9,42,4.1*FA54
$$KARB2B,609,19:15:01,42.77269,-83.75018,22422,22,41,12,20.5,5.6,0.183,-5.0,41,4.1*B9C8
$$KARB2B,610,19:15:32,42.77396,-83.74777,22510,26,72,12,20.6,5.6,0.166,-5.3,41,4.2*0183
$$KARB2B,611,19:16:04,42.77483,-83.74435,22603,29,75,12,20.7,5.5,0.190,-6.7,40,4.3*2624
$$KARB2B,612,19:16:35,42.77568,-83.74110,22696,31,64,12,20.8,5.6,0.169,-8.0,40,4.3*9420
$$KARB2B,613,19:17:06,42.77625,-83.73782,22789,29,76,12,20.8,5.6,0.167,-3.4,39,4.0*3CA3
$$KARB2B,614,19:17:38,42.77665,-83.73508,22882,18,78,12,21.0,5.6,0.187,-3.7,39,4.1*5E1C
$$KARB2B,615,19:18:09,42.77723,-83.73246,22973,27,58,12,21.0,5.6,0.166,-4.4,38,4.1*E7AA
$$KARB2B,616,19:18:41,42.77831,-83.72918,23067,39,64,12,21.1,5.6,0.168,-4.8,38,4.2*8DA3
$$KARB2B,617,19:19:12,42.77918,-83.72523,23154,39,76,12,21.2,5.6,0.166,-6.3,37,4.3*B69E
$$KARB2B,618,19:19:43,42.77988,-83.72056,23245,53,73,12,21.3,5.6,0.168,-7.0,37,4.3*E425
$$KARB2B,619,19:20:15,42.78049,-83.71493,23336,61,80,12,21.4,5.6,0.166,-3.9,36,4.1*A0F6
$$KARB2B,620,19:20:46,42.78064,-83.70930,23426,48,90,12,21.5,5.6,0.173,-4.4,36,4.1*4020
$$KARB2B,621,19:21:18,42.78009,-83.70451,23517,42,105,12,21.6,5.6,0.165,-4.6,35,4.1*C994
$$KARB2B,622,19:21:49,42.77935,-83.70101,23602,27,102,12,21.7,5.6,0.168,-4.5,35,4.1*3415
$$KARB2B,623,19:22:21,42.77853,-83.69847,23690,22,126,12,21.8,5.6,0.166,-5.9,35,4.2*4A38
$$KARB2B,624,19:22:52,42.77729,-83.69633,23775,24,134,12,21.9,5.6,0.168,-2.2,34,4.0*19DF
$$KARB2B,625,19:23:23,42.77571,-83.69422,23860,26,148,12,22.0,5.6,0.185,-2.9,34,4.1*7781
$$KARB2B,626,19:23:55,42.77384,-83.69224,23955,29,154,12,22.1,5.5,0.218,-2.8,33,4.0*1A94
$$KARB2B,627,19:24:26,42.77220,-83.69067,24051,24,156,12,22.2,5.6,0.168,-2.4,33,4.0*A8BC
$$KARB2B,628,19:24:58,42.77067,-83.68980,24154,22,169,12,22.3,5.6,0.234,-1.5,32,3.9*3F7C
$$KARB2B,629,19:25:29,42.76950,-83.68941,24257,14,183,12,22.4,5.5,0.238,-1.1,32,3.9*8A00
$$KARB2B,630,19:26:01,42.76855,-83.68869,24365,11,156,12,22.6,5.6,0.184,-1.5,31,4.0*6CC2
$$KARB2B,631,19:26:32,42.76788,-83.68796,24471,9,125,12,22.7,5.5,0.235,-2.8,31,4.0*84CF
$$KARB2B,632,19:27:04,42.76723,-83.68689,24577,9,126,12,22.8,5.6,0.166,1.3,30,3.8*2D45
$$KARB2B,633,19:27:35,42.76660,-83.68598,24673,9,114,12,22.9,5.6,0.164,0.9,30,3.7*8B47
$$KARB2B,634,19:28:06,42.76616,-83.68564,24768,3,199,12,23.0,5.6,0.168,-1.3,30,3.9*1CBC
$$KARB2B,635,19:28:38,42.76616,-83.68556,24860,0,0,12,23.1,5.5,0.239,-0.2,29,3.8*6FA1
$$KARB2B,636,19:29:09,42.76671,-83.68521,24942,5,346,12,23.2,5.6,0.180,0.1,29,3.8*9AB9
$$KARB2B,637,19:29:41,42.76764,-83.68419,25025,18,51,12,23.4,5.6,0.165,-0.1,29,3.8*9BF0
$$KARB2B,638,19:30:12,42.76865,-83.68213,25101,24,71,12,23.5,5.6,0.167,-0.4,28,3.8*DE8E
$$KARB2B,639,19:30:43,42.76928,-83.67957,25183,27,62,12,23.6,5.6,0.170,0.2,28,3.8*07AA
$$KARB2B,640,19:31:15,42.77049,-83.67625,25274,39,66,12,23.8,5.6,0.167,1.0,28,3.7*E109
$$KARB2B,641,19:31:46,42.77157,-83.67190,25363,39,82,12,23.8,5.6,0.190,0.7,27,3.8*C33F
$$KARB2B,642,19:32:18,42.77176,-83.66702,25456,52,84,12,23.9,5.6,0.164,0.7,27,3.8*68BB
$$KARB2B,643,19:32:49,42.77079,-83.66183,25567,61,121,12,24.1,5.6,0.168,1.7,26,3.7*7555
$$KARB2B,644,19:33:20,42.76846,-83.65748,25668,48,131,12,24.2,5.6,0.166,2.2,26,3.7*9872
$$KARB2B,645,19:33:52,42.76549,-83.65348,25775,50,137,12,24.3,5.6,0.170,3.6,26,3.6*72A5
$$KARB2B,646,19:34:23,42.76257,-83.65012,25878,44,137,12,24.4,5.6,0.257,4.5,25,3.5*6C79
$$KARB2B,647,19:34:55,42.76011,-83.64751,25980,35,142,12,24.5,5.6,0.169,2.7,25,3.6*4A1F
$$KARB2B,648,19:35:26,42.75850,-83.64520,26067,27,134,12,24.6,5.6,0.169,1.3,25,3.7*65B6
$$KARB2B,649,19:35:57,42.75704,-83.64201,26149,35,113,12,24.8,5.5,0.239,0.2,24,3.8*C0B3
$$KARB2B,650,19:36:29,42.75620,-83.63837,26236,40,105,12,24.9,5.5,0.236,-0.1,24,3.8*B58F
$$KARB2B,651,19:37:00,42.75552,-83.63412,26325,42,106,12,24.9,5.6,0.182,1.1,24,3.8*1A83
$$KARB2B,652,19:37:32,42.75446,-83.63005,26424,44,109,12,25.1,5.5,0.266,0.4,24,3.8*9556
$$KARB2B,653,19:38:03,42.75312,-83.62635,26528,35,111,12,25.2,5.6,0.171,2.7,23,3.6*C1CA
$$KARB2B,654,19:38:35,42.75205,-83.62338,26636,29,112,12,25.3,5.6,0.168,0.1,23,3.8*15C6
$$KARB2B,655,19:39:06,42.75089,-83.61983,26735,39,113,12,25.4,5.6,0.174,2.5,23,3.7*2E4D
$$KARB2B,656,19:39:37,42.75004,-83.61629,26828,37,97,12,25.5,5.6,0.167,1.3,22,3.8*CB38
$$KARB2B,657,19:40:09,42.74933,-83.61208,26919,42,105,12,25.6,5.6,0.192,0.1,22,3.8*9442
$$KARB2B,658,19:40:40,42.74879,-83.60734,27007,48,105,12,25.7,5.6,0.168,-0.0,22,3.8*A176
$$KARB2B,659,19:41:12,42.74771,-83.60221,27099,46,97,12,25.8,5.6,0.168,-0.5,22,3.8*B012
$$KARB2B,660,19:41:43,42.74678,-83.59708,27194,52,98,12,25.9,5.6,0.169,2.9,21,3.6*CE43
$$KARB2B,661,19:42:14,42.74620,-83.59251,27294,39,102,12,25.9,5.6,0.169,4.2,21,3.5*441D
$$KARB2B,662,19:42:46,42.74586,-83.58882,27401,35,81,12,26.1,5.6,0.181,2.3,21,3.7*FD3D
$$KARB2B,663,19:43:17,42.74583,-83.58571,27502,26,75,12,26.1,5.6,0.176,1.8,20,3.6*7E07
$$KARB2B,664,19:43:49,42.74660,-83.58267,27600,22,71,12,26.2,5.6,0.170,3.1,20,3.6*E1CF
$$KARB2B,665,19:44:20,42.74674,-83.57972,27688,37,86,12,26.3,5.6,0.168,2.2,20,3.7*62B4
$$KARB2B,666,19:44:51,42.74730,-83.57653,27765,27,65,12,26.4,5.6,0.171,3.6,20,3.6*041C
$$KARB2B,667,19:45:23,42.74827,-83.57336,27850,33,71,12,26.5,5.6,0.169,3.0,19,3.6*A3D5
$$KARB2B,668,19:45:54,42.74882,-83.56984,27937,37,78,12,26.6,5.6,0.187,4.7,19,3.5*81C1
$$KARB2B,669,19:46:25,42.74903,-83.56555,28027,39,93,12,26.6,5.6,0.242,3.9,19,3.6*FD5C
$$KARB2B,670,19:46:57,42.74879,-83.56122,28123,42,89,12,26.8,5.6,0.170,4.2,19,3.5*7DE1
$$KARB2B,671,19:47:28,42.74885,-83.55712,28214,29,102,12,26.9,5.6,0.169,4.4,19,3.6*1FA4
$$KARB2B,672,19:48:00,42.74847,-83.55338,28305,40,90,12,26.9,5.6,0.240,3.9,18,3.6*B709
$$KARB2B,673,19:48:31,42.74851,-83.54896,28389,46,86,12,27.1,5.5,0.259,3.8,18,3.6*3B2F
$$KARB2B,674,19:49:02,42.74849,-83.54396,28465,46,99,12,27.1,5.6,0.170,4.6,18,3.5*9634
$$KARB2B,675,19:49:34,42.74811,-83.53889,28542,48,87,12,27.2,5.6,0.230,6.3,18,3.4*FF8C
$$KARB2B,676,19:50:05,42.74836,-83.53360,28621,52,84,12,27.3,5.6,0.170,5.2,18,3.4*5D0C
$$KARB2B,677,19:50:36,42.74843,-83.52769,28703,57,90,12,27.4,5.6,0.168,6.7,17,3.4*B1A8
$$KARB2B,678,19:51:08,42.74884,-83.52152,28795,57,79,12,27.5,5.6,0.182,8.0,17,3.3*A35B
$$KARB2B,679,19:51:39,42.74945,-83.51539,28886,59,88,12,27.6,5.6,0.183,9.7,17,3.2*1CEF
$$KARB2B,680,19:52:11,42.74935,-83.50920,28982,53,94,12,27.7,5.6,0.172,7.7,17,3.3*B4BB
$$KARB2B,681,19:52:42,42.74876,-83.50363,29074,50,97,12,27.8,5.6,0.169,7.0,17,3.4*B033
$$KARB2B,682,19:53:13,42.74844,-83.49799,29159,55,91,12,27.8,5.6,0.168,7.6,16,3.3*7C1F
$$KARB2B,683,19:53:45,42.74786,-83.49154,29242,61,99,12,27.9,5.6,0.171,6.3,16,3.4*590B
$$KARB2B,684,19:54:16,42.74701,-83.48492,29316,65,97,12,28.0,5.6,0.189,5.6,16,3.4*EF63
$$KARB2B,685,19:54:48,42.74605,-83.47758,29386,68,99,12,28.1,5.6,0.174,5.0,16,3.5*8242
$$KARB2B,686,19:55:19,42.74544,-83.47044,29456,66,102,12,28.2,5.6,0.169,4.4,16,3.5*D396
$$KARB2B,687,19:55:50,42.74400,-83.46356,29533,68,106,12,28.2,5.6,0.170,6.3,16,3.3*2D26
$$KARB2B,688,19:56:22,42.74210,-83.45708,29615,61,109,12,28.4,5.6,0.170,7.8,16,3.3*0D3F
$$KARB2B,689,19:56:53,42.74041,-83.45143,29700,53,113,12,28.4,5.6,0.187,9.1,15,3.2*5447
$$KARB2B,690,19:57:25,42.73912,-83.44632,29788,53,113,12,28.5,5.5,0.233,10.0,15,3.2*6E7C
$$KARB2B,691,19:57:56,42.73772,-83.44118,29870,55,110,12,28.6,5.6,0.171,11.2,15,3.1*109D
$$KARB2B,692,19:58:28,42.73625,-83.43520,29955,61,108,12,28.6,5.6,0.215,12.5,15,3.0*5DD2
$$KARB2B,693,19:58:59,42.73481,-83.42877,29898,63,106,12,28.8,5.6,0.169,13.2,15,2.9*190D
$$KARB2B,694,19:59:30,42.73366,-83.42294,28697,53,90,12,28.8,5.6,0.177,10.3,17,3.0*6E64
$$KARB2B,695,20:00:02,42.73374,-83.41813,27514,35,84,12,28.7,5.6,0.255,8.0,20,3.2*0B7E
$$KARB2B,696,20:00:33,42.73339,-83.41383,26481,33,100,12,28.6,5.5,0.253,2.0,23,3.6*B332
$$KARB2B,697,20:01:05,42.73188,-83.41029,25476,48,120,12,28.4,5.6,0.170,-2.0,26,3.8*F431
$$KARB2B,698,20:01:36,42.73210,-83.40752,24588,5,93,12,28.1,5.6,0.171,-8.0,30,4.2*2EDF
$$KARB2B,699,20:02:08,42.73138,-83.40684,23711,22,124,12,27.5,5.6,0.170,-9.1,33,4.2*E114
$$KARB2B,700,20:02:39,42.73048,-83.40262,22915,46,75,12,26.9,5.6,0.191,-11.8,37,4.4*08CB
$$KARB2B,701,20:03:10,42.73118,-83.39959,22154,20,52,12,26.3,5.6,0.170,-15.9,42,4.6*B3EA
$$KARB2B,702,20:03:42,42.73210,-83.39721,21432,14,69,12,25.4,5.6,0.167,-16.1,47,4.6*91C5
$$KARB2B,703,20:04:13,42.73275,-83.39378,20775,37,64,12,24.5,5.6,0.166,-19.3,52,4.9*B145
$$KARB2B,704,20:04:45,42.73374,-83.39074,20130,39,75,12,23.6,5.6,0.169,-22.8,57,5.1*F477
$$KARB2B,705,20:05:16,42.73518,-83.38639,19527,37,71,12,22.5,5.6,0.181,-28.1,63,5.4*F551
$$KARB2B,706,20:05:48,42.73600,-83.38223,18931,55,61,12,21.1,5.6,0.165,-28.4,67,5.4*5A14
$$KARB2B,707,20:06:19,42.73809,-83.37855,18374,31,74,12,19.9,5.6,0.163,-30.7,73,5.6*EF4C
$$KARB2B,708,20:06:51,42.73852,-83.37355,17824,53,80,12,18.6,5.6,0.164,-29.7,80,5.5*7BBE
$$KARB2B,709,20:07:22,42.74006,-83.36719,17315,44,71,12,17.1,5.6,0.164,-31.7,87,5.6*4058
$$KARB2B,710,20:07:54,42.74189,-83.36016,16809,63,65,12,15.8,5.5,0.239,-32.9,94,5.7*5112
$$KARB2B,711,20:08:25,42.74469,-83.35156,16326,115,69,12,14.5,5.6,0.178,-37.2,102,5.9*641F
$$KARB2B,712,20:08:57,42.74760,-83.34168,15856,105,64,12,12.7,5.6,0.158,-37.0,110,5.9*122A
$$KARB2B,713,20:09:28,42.74977,-83.33163,15419,100,83,12,11.2,5.5,0.228,-37.0,115,5.9*1197
$$KARB2B,714,20:10:00,42.75106,-83.31986,14980,111,69,12,9.8,5.5,0.157,-37.8,123,5.9*0128
$$KARB2B,715,20:10:31,42.75353,-83.30779,14565,120,78,12,8.1,5.5,0.213,-40.9,132,6.1*2B8C
$$KARB2B,716,20:11:03,42.75631,-83.29406,14148,150,71,12,6.7,5.5,0.198,-43.6,141,6.3*AAC1
$$KARB2B,717,20:11:34,42.76003,-83.28154,13757,141,69,12,5.1,5.4,0.157,-43.4,151,6.3*955B
$$KARB2B,718,20:12:06,42.76408,-83.26855,13365,128,59,12,3.3,5.5,0.154,-42.8,160,6.3*5849
$$KARB2B,719,20:12:37,42.76847,-83.25594,13002,150,64,12,1.8,5.5,0.221,-45.4,170,6.5*D0D9
$$KARB2B,720,20:13:09,42.77287,-83.23920,12636,176,71,12,0.4,5.5,0.153,-47.3,177,6.6*087B
$$KARB2B,721,20:13:40,42.77877,-83.21973,12293,221,65,12,-1.6,5.5,0.162,-48.4,188,6.8*68FC
$$KARB2B,722,20:14:12,42.78631,-83.19876,11959,206,67,12,-3.1,5.4,0.156,-47.2,199,7.2*B10F
$$KARB2B,723,20:14:43,42.79287,-83.17840,11630,217,64,12,-4.7,5.5,0.151,-48.2,210,7.9*ACEF
$$KARB2B,724,20:15:15,42.79991,-83.15844,11301,193,60,12,-6.3,5.4,0.150,-45.6,221,8.8*8264
$$KARB2B,725,20:15:46,42.80695,-83.13950,11002,202,67,12,-8.0,5.4,0.150,-44.5,233,10.6*DDDF
$$KARB2B,726,20:16:18,42.81380,-83.11996,10697,198,66,12,-9.4,5.4,0.148,-42.0,244,12.9*BD5A
$$KARB2B,727,20:16:49,42.82064,-83.10069,10395,217,63,12,-10.6,5.4,0.157,-41.1,256,15.3*0506
$$KARB2B,728,20:17:21,42.82784,-83.08097,10098,191,62,12,-11.8,5.4,0.146,-40.8,264,17.2*8811
$$KARB2B,729,20:17:53,42.83453,-83.06174,09803,200,67,12,-12.8,5.4,0.148,-40.4,276,20.2*90DA
$$KARB2B,730,20:18:24,42.84115,-83.04427,09518,193,64,12,-13.6,5.4,0.156,-38.0,289,20.0*8925
$$KARB2B,731,20:18:56,42.84755,-83.02714,09236,157,62,12,-14.6,5.2,0.206,-36.7,302,16.5*A68B
$$KARB2B,732,20:19:27,42.85292,-83.01227,08967,148,57,12,-15.1,5.3,0.160,-35.9,314,14.7*B8AA
$$KARB2B,733,20:19:59,42.85815,-82.99974,08696,139,59,12,-15.6,5.2,0.209,-35.1,327,18.0*2FD0
$$KARB2B,734,20:20:31,42.86295,-82.98791,08428,122,61,12,-16.1,5.2,0.214,-32.7,341,21.7*CCDF
$$KARB2B,735,20:21:02,42.86697,-82.97614,08175,128,70,12,-16.6,5.3,0.145,-31.0,349,22.6*9696
$$KARB2B,736,20:21:34,42.87166,-82.96394,07916,122,61,12,-16.8,5.3,0.211,-28.8,363,30.5*10A5
$$KARB2B,737,20:22:05,42.87615,-82.95169,07672,122,62,12,-16.9,5.3,0.150,-26.3,377,36.3*3765
$$KARB2B,738,20:22:37,42.88066,-82.93864,07422,130,67,12,-16.9,5.2,0.143,-25.4,390,44.4*BCBE
$$KARB2B,739,20:23:09,42.88458,-82.92545,07177,143,70,12,-16.8,5.2,0.145,-23.4,404,39.3*7CCF
$$KARB2B,740,20:23:40,42.88789,-82.91326,06945,130,68,12,-16.7,5.2,0.144,-22.0,418,27.4*9434
$$KARB2B,741,20:24:12,42.89038,-82.90199,06715,105,83,12,-16.4,5.2,0.151,-21.2,432,16.5*26D5
$$KARB2B,742,20:24:44,42.89270,-82.89136,06482,94,82,12,-16.1,5.2,0.141,-20.9,446,17.7*63CB
$$KARB2B,743,20:25:15,42.89431,-82.88148,06250,78,82,12,-15.7,5.2,0.152,-20.3,456,17.6*1A5C
$$KARB2B,744,20:25:47,42.89534,-82.87218,06015,66,86,12,-15.2,5.2,0.142,-18.7,472,17.5*18DB
$$KARB2B,745,20:26:18,42.89605,-82.86445,05784,65,94,12,-14.8,5.2,0.143,-17.6,487,17.7*3A12
$$KARB2B,746,20:26:50,42.89638,-82.85719,05557,53,81,12,-14.2,5.2,0.145,-15.7,503,18.0*5500
$$KARB2B,747,20:27:21,42.89709,-82.85083,05337,52,69,12,-13.8,5.2,0.145,-14.3,519,16.8*2680
$$KARB2B,748,20:27:53,42.89719,-82.84524,05114,48,107,12,-13.2,5.1,0.233,-12.8,535,16.1*B628
$$KARB2B,749,20:28:25,42.89690,-82.83981,04898,40,85,12,-12.5,5.1,0.144,-11.1,550,15.1*47FA
$$KARB2B,750,20:28:56,42.89747,-82.83502,04691,27,76,12,-11.9,5.2,0.143,-10.0,566,14.4*51F4
$$KARB2B,751,20:29:28,42.89740,-82.83118,04477,44,93,12,-11.2,5.1,0.210,-9.3,577,15.8*9487
$$KARB2B,752,20:29:59,42.89727,-82.82800,04273,33,99,12,-10.4,5.2,0.146,-7.6,594,16.0*1F54
$$KARB2B,753,20:30:31,42.89712,-82.82474,04058,42,95,12,-9.8,5.2,0.148,-6.4,611,13.4*A2B0
$$KARB2B,754,20:31:02,42.89687,-82.82159,03856,26,82,12,-9.0,5.0,0.196,-4.9,628,14.4*1DA6
$$KARB2B,755,20:31:34,42.89656,-82.81873,03651,27,99,12,-8.1,5.1,0.147,-3.4,646,14.0*5758
$$KARB2B,756,20:32:05,42.89675,-82.81577,03472,11,77,12,-7.4,5.2,0.145,-2.6,663,18.2*32EE
$$KARB2B,757,20:32:37,42.89658,-82.81356,03260,18,119,10,-6.6,5.2,0.144,-1.8,681,25.5*7472
$$KARB2B,758,20:33:08,42.89571,-82.81158,03088,26,116,10,-5.7,5.2,0.144,-0.9,693,27.7*6C43
$$KARB2B,759,20:33:40,42.89477,-82.81076,02853,26,161,12,-4.9,5.2,0.162,-0.2,711,32.9*B7B7
$$KARB2B,760,20:34:11,42.89333,-82.80986,02665,27,142,12,-4.1,5.2,0.146,0.3,730,24.8*C9AE
$$KARB2B,761,20:34:43,42.89164,-82.80910,02472,13,167,12,-3.2,5.2,0.149,1.7,748,30.2*788A
$$KARB2B,762,20:35:14,42.88986,-82.80862,02284,29,161,12,-2.4,5.2,0.148,3.2,767,31.9*1C9E
$$KARB2B,763,20:35:46,42.88829,-82.80807,02097,13,181,12,-1.6,5.2,0.148,4.0,785,25.8*B534
$$KARB2B,764,20:36:08,42.88704,-82.80763,01970,18,160,12,-1.1,5.2,0.160,4.9,798,24.4*9A1A
$$KARB2B,765,20:36:21,42.88621,-82.80717,01897,20,138,12,-0.7,5.2,0.172,5.2,804,25.3*298D
$$KARB2B,766,20:36:33,42.88558,-82.80656,01831,63,158,12,-0.4,5.1,0.228,5.6,810,26.1*B6B3
$$KARB2B,767,20:36:46,42.88493,-82.80595,01767,5,129,11,0.1,5.2,0.147,5.7,816,32.9*AF99
$$KARB2B,768,20:36:59,42.88437,-82.80532,01684,26,157,10,0.4,5.2,0.148,5.4,823,35.0*D349
$$KARB2B,769,20:37:11,42.88376,-82.80461,01614,33,120,12,0.7,5.2,0.148,5.0,835,39.9*CB9E
$$KARB2B,770,20:37:24,42.88347,-82.80402,01545,20,110,9,1.0,5.2,0.220,5.4,841,41.5*E692
$$KARB2B,771,20:37:37,42.88314,-82.80370,01466,16,163,12,1.3,5.2,0.150,5.8,847,44.4*046D
$$KARB2B,772,20:37:49,42.88271,-82.80341,01411,20,158,12,1.6,5.2,0.147,5.9,853,44.6*1D76
$$KARB2B,773,20:38:02,42.88237,-82.80330,01350,9,151,12,1.9,5.2,0.149,5.4,859,56.6*4F2E
$$KARB2B,774,20:38:15,42.88223,-82.80344,01291,13,176,12,2.1,5.2,0.149,5.5,865,61.7*F5AB
$$KARB2B,775,20:38:27,42.88199,-82.80350,01235,7,139,12,2.6,5.2,0.151,5.8,871,64.1*D1E4
$$KARB2B,776,20:38:40,42.88167,-82.80341,01182,14,178,12,2.8,5.2,0.151,6.2,881,66.9*9F47
$$KARB2B,777,20:38:53,42.88147,-82.80359,01108,13,195,11,3.1,5.2,0.150,6.4,887,66.2*BB7E
$$KARB2B,778,20:39:05,42.88109,-82.80391,01049,14,241,12,3.4,5.3,0.169,7.6,893,64.7*613D
$$KARB2B,779,20:39:18,42.88097,-82.80423,00987,13,243,12,3.6,5.2,0.157,7.7,899,64.3*8AC0
$$KARB2B,780,20:39:31,42.88070,-82.80462,00921,16,222,12,3.9,5.1,0.193,7.9,905,64.0*8920
$$KARB2B,781,20:39:43,42.88045,-82.80489,00846,7,172,11,4.2,5.2,0.150,8.3,911,63.9*25C8
$$KARB2B,782,20:39:56,42.88023,-82.80508,00770,7,167,12,4.6,5.2,0.222,9.4,926,61.3*DA0B
$$KARB2B,783,20:40:08,42.87994,-82.80515,00694,16,227,12,4.9,5.3,0.153,9.8,934,60.8*BEA0
$$KARB2B,784,20:40:21,42.87972,-82.80534,00617,16,204,12,5.1,5.3,0.155,10.2,941,59.6*454A
$$KARB2B,785,20:40:34,42.87934,-82.80573,00547,16,221,12,5.5,5.2,0.222,10.6,948,58.4*F212
$$KARB2B,786,20:40:47,42.87922,-82.80592,00463,14,274,12,5.8,5.3,0.152,11.4,956,56.9*1FB5
$$KARB2B,787,00:00:00,0.00000,0.00000,00000,0,0,0,7.0,5.2,0.184,15.5,987,62.4*5205
$$KARB2B,788,00:00:00,0.00000,0.00000,00000,0,0,0,7.0,5.2,0.184,15.5,987,62.4*87A4
$$KARB2B,789,20:41:42,42.87870,-82.80669,00224,0,0,11,7.4,5.3,0.155,16.3,987,56.1*9948
$$KARB2B,790,20:41:57,42.87868,-82.80647,00225,0,0,12,7.7,5.3,0.156,17.0,987,61.0*7C8F
$$KARB2B,791,20:42:12,42.87863,-82.80641,00225,0,0,12,8.1,5.3,0.155,17.5,987,59.3*1525
$$KARB2B,792,20:42:25,42.87862,-82.80640,00224,0,0,12,8.4,5.3,0.156,17.9,987,54.6*5AA2
$$KARB2B,793,20:42:38,42.87858,-82.80641,00225,0,0,9,8.8,5.3,0.158,17.6,984,45.0*B44C
$$KARB2B,794,20:42:50,42.87863,-82.80640,00234,0,0,12,9.0,5.3,0.157,18.8,987,54.9*0949
$$KARB2B,795,20:43:03,42.87864,-82.80640,00237,0,0,12,9.3,5.2,0.159,20.4,987,61.7*8F57
$$KARB2B,796,20:43:15,42.87864,-82.80640,00238,1,0,12,9.6,5.3,0.156,19.7,984,50.4*DF2B
$$KARB2B,797,20:43:28,42.87859,-82.80626,00237,1,98,12,9.9,5.3,0.156,19.1,984,42.0*35B2
$$KARB2B,798,20:43:40,42.87863,-82.80620,00239,0,0,12,10.2,5.2,0.232,18.3,984,41.0*16FD
$$KARB2B,799,20:43:53,42.87867,-82.80622,00242,0,0,11,10.5,5.3,0.181,19.0,987,41.6*BB9C
$$KARB2B,800,20:44:05,42.87861,-82.80625,00254,1,0,12,10.9,5.3,0.167,17.6,987,45.6*3B98
$$KARB2B,801,20:44:18,42.87848,-82.80618,00255,1,0,10,11.2,5.3,0.160,16.9,987,47.5*6DD6
$$KARB2B,802,20:44:31,42.87854,-82.80625,00247,5,198,10,11.4,5.3,0.157,16.3,987,49.0*5372
$$KARB2B,803,20:44:43,42.87859,-82.80622,00242,1,0,8,11.7,5.3,0.199,15.9,987,50.4*67AA
$$KARB2B,804,20:44:56,42.87870,-82.80620,00251,1,0,10,12.0,5.3,0.159,15.4,987,51.6*27A1
$$KARB2B,805,20:45:09,42.87871,-82.80620,00259,0,0,8,12.2,5.3,0.157,15.0,987,52.8*0F60
$$KARB2B,806,20:45:21,42.87872,-82.80618,00251,0,0,7,12.5,5.3,0.160,14.7,987,53.8*4C5C
$$KARB2B,807,20:45:34,42.87872,-82.80620,00236,0,0,8,12.7,5.3,0.203,14.2,987,55.5*0C80
$$KARB2B,808,20:45:46,42.87868,-82.80620,00235,0,0,10,13.1,5.3,0.158,14.0,987,56.2*E124
$$KARB2B,809,20:45:59,42.87868,-82.80624,00246,0,0,11,13.3,5.3,0.157,13.8,987,56.8*F0C5
$$KARB2B,810,20:46:11,42.87873,-82.80626,00242,0,0,10,13.5,5.3,0.158,13.7,987,57.4*3CBA
$$KARB2B,811,20:46:24,42.87873,-82.80626,00244,0,0,11,13.8,5.3,0.161,13.5,987,58.0*898A
$$KARB2B,812,20:46:37,42.87877,-82.80629,00236,0,0,12,13.9,5.3,0.176,13.4,987,58.5*3681
$$KARB2B,813,20:46:49,42.87879,-82.80626,00239,1,0,12,14.2,5.3,0.177,13.3,987,58.9*EF39
$$KARB2B,814,20:47:02,42.87876,-82.80624,00240,3,0,12,14.4,5.3,0.162,13.1,987,59.7*2909
$$KARB2B,815,20:47:14,42.87878,-82.80618,00232,0,0,12,14.6,5.3,0.159,13.3,987,59.7*348B
$$KARB2B,816,20:47:27,42.87878,-82.80624,00226,0,0,12,14.9,5.3,0.162,13.2,987,59.9*53FE
$$KARB2B,817,20:47:40,42.87874,-82.80626,00220,0,0,9,15.0,5.3,0.205,13.2,987,60.0*C68E
$$KARB2B,818,20:47:52,42.87875,-82.80629,00218,0,0,9,15.2,5.3,0.163,13.2,987,60.2*17B4
$$KARB2B,819,20:48:05,42.87873,-82.80631,00216,0,0,11,15.4,5.4,0.160,13.1,987,60.3*81D9
$$KARB2B,820,20:48:17,42.87871,-82.80631,00217,0,0,12,15.6,5.3,0.160,13.1,987,60.7*CFBF
$$KARB2B,821,20:48:30,42.87865,-82.80630,00217,0,0,11,15.8,5.4,0.161,13.2,987,60.7*77F6
$$KARB2B,822,20:48:42,42.87867,-82.80630,00218,0,0,11,15.9,5.3,0.203,13.0,987,60.7*6DE2
$$KARB2B,823,20:48:55,42.87865,-82.80630,00220,1,0,10,16.1,5.4,0.162,13.0,987,60.7*6F70
$$KARB2B,824,20:49:08,42.87867,-82.80629,00225,0,0,12,16.3,5.4,0.160,13.0,987,60.8*B9F5
$$KARB2B,825,20:49:20,42.87871,-82.80629,00223,0,0,12,16.5,5.4,0.182,13.0,987,60.9*6C17
$$KARB2B,826,20:49:33,42.87873,-82.80625,00231,1,99,11,16.6,5.4,0.214,13.0,987,60.9*781D
$$KARB2B,827,20:49:45,42.87873,-82.80624,00237,0,0,12,16.8,5.3,0.164,13.0,987,61.0*34D0
$$KARB2B,828,20:49:58,42.87870,-82.80626,00229,1,0,12,16.9,5.3,0.162,13.0,987,61.3*7B31